AC DEC
FREQUENCY 		V(3)
1000	-102.09820228721817159 89.99954999999556549
1023.29299228075410610	-101.89820228319064199 89.99953951814873676
1047.12854805089955335	-101.69820227897329801 89.99952879214829693
1071.51930523760643155	-101.49820227455720101 89.99951781630718983
1096.47819614318495951	-101.29820226993297183 89.99950658480588572
1122.01845430196340203	-101.09820226509080499 89.99949509168928330
1148.15362149688257887	-100.89820226002046866 89.99948333086362595
1174.89755493952930010	-100.69820225471113417 89.99947129609309115
1202.26443461741268948	-100.49820224915160338 89.99945898099672092
1230.26877081238126266	-100.29820224333005285 89.99944637904488332
1258.92541179416684827	-100.09820223723414756 89.99943348355584760
1288.24955169313352599	-99.89820223085092721 89.99942028769225999
1318.25673855640661714	-99.69820222416689148 89.99940678445750564
1348.96288259165316958	-99.49820221716784374 89.99939296669194277
1380.38426460288428643	-99.29820220983896206 89.99937882706926473
1412.53754462275378501	-99.09820220216465714 89.99936435809243562
1445.43977074592703502	-98.89820219412867175 89.99934955208978238
1479.10838816820682950	-98.69820218571396708 89.99933440121097306
1513.56124843620750653	-98.49820217690268009 89.99931889742283886
1548.81661891248063512	-98.29820216767615193 89.99930303250501140
1584.89319246111267603	-98.09820215801478582 89.99928679804575893
1621.81009735892916979	-97.89820214789807551 89.99927018543728252
1659.58690743755983021	-97.69820213730460523 89.99925318587139600
1698.24365246174352251	-97.49820212621186499 89.99923579033468002
1737.80082874937465931	-97.29820211459632162 89.99921798960380670
1778.27941003892192384	-97.09820210243337613 89.99919977424056583
1819.70085860998256067	-96.89820208969720738 89.99918113458693369
1862.08713666286644184	-96.69820207636080056 89.99916206075988612
1905.46071796324599745	-96.49820206239587606 89.99914254264625413
1949.84459975804406895	-96.29820204777280424 89.99912256989725279
1995.26231496887817229	-96.09820203246056280 89.99910213192305264
2041.73794466952790572	-95.89820201642666575 89.99908121788716642
2089.29613085403798323	-95.69820199963713492 89.99905981670070787
2137.96208950223035572	-95.49820198205631527 89.99903791701640898
2187.76162394955053969	-95.29820196364694596 89.99901550722282195
2238.72113856833766476	-95.09820194436997554 89.99899257543792430
2290.86765276777077815	-94.89820192418450517 89.99896910950296558
2344.22881531991970405	-94.69820190304773178 89.99894509697601563
2398.83291901948814484	-94.49820188091480588 89.99892052512525709
2454.70891568502793234	-94.29820185773878904 89.99889538092237729
2511.88643150957750549	-94.09820183347051170 89.99886965103557657
2570.39578276886095409	-93.89820180805850214 89.99884332182249125
2630.26799189537905477	-93.69820178144888700 89.99881637932300293
2691.53480392691290035	-93.49820175358517815 89.99878880925182045
2754.22870333816354105	-93.29820172440830106 89.99876059699089126
2818.38293126445068992	-93.09820169385636746 89.99873172758171336
2884.03150312660272903	-92.89820166186453321 89.99870218571727776
2951.20922666638216469	-92.69820162836501254 89.99867195573406775
3019.95172040201259733	-92.49820159328666591 89.99864102160374557
3090.29543251358654743	-92.29820155655515634 89.99860936692456903
3162.27766016837495044	-92.09820151809253730 89.99857697491276554
3235.93656929627786667	-91.89820147781723847 89.99854382839363609
3311.31121482590606320	-91.69820143564380999 89.99850990979240350
3388.44156139202050326	-91.49820139148282294 89.99847520112494692
3467.36850452531098199	-91.29820134524058517 89.99843968398820948
3548.13389233574889658	-91.09820129681899914 89.99840333955047811
3630.78054770100743553	-90.89820124611540564 89.99836614854140748
3715.35229097171895773	-90.69820119302220007 89.99832809124175981
3801.89396320560535969	-90.49820113742680405 89.99828914747298825
3890.45144994279917228	-90.29820107921126748 89.99824929658655037
3981.07170553496553111	-90.09820101825211225 89.99820851745286632
4073.80277804111983642	-89.89820095442006220 89.99816678845022011
4168.69383470334651065	-89.69820088757968790 89.99812408745330572
4265.79518801591893862	-89.49820081758920765 89.99808039182134678
4365.15832240165127587	-89.29820074430018906 89.99803567838627316
4466.83592150962249434	-89.09820066755716539 89.99798992344031490
4570.88189614874136169	-88.89820058719736551 89.99794310272346820
4677.35141287197257043	-88.69820050305030179 89.99789519141067728
4786.30092322637392499	-88.49820041493754275 89.99784616409857563
4897.78819368445238069	-88.29820032267210195 89.99779599479212777
5011.87233627271325531	-88.09820022605836698 89.99774465689070269
5128.61383991363891255	-87.89820012489136047 89.99769212317417555
5248.07460249771611416	-87.69820001895649852 89.99763836578826215
5370.31796370251686312	-87.49819990802906489 89.99758335622988170
5495.40873857623500953	-87.29819979187379886 89.99752706533209334
5623.41325190348015894	-87.09819967024428422 89.99746946324849262
5754.39937337155788555	-86.89819954288255133 89.99741051943746584
5888.43655355587816302	-86.69819940951845183 89.99735020264600394
6025.59586074356593599	-86.49819926986907603 89.99728848089303312
6165.95001861480977823	-86.29819912363822709 89.99722532145263187
6309.57344480192023184	-86.09819897051573889 89.99716069083655157
6456.54229034654235875	-85.89819881017682235 89.99709455477643871
6606.93448007594633964	-85.69819864228134065 89.99702687820574454
6760.82975391980380664	-85.49819846647318400 89.99695762524109455
6918.30970918935054215	-85.29819828237944535 89.99688675916326019
7079.45784384136459266	-85.09819808960963883 89.99681424239771843
7244.35960074988543056	-84.89819788775484710 89.99674003649464282
7413.10241300915913598	-84.69819767638695396 89.99666410210859624
7585.77575029182116850	-84.49819745505757851 89.99658639897768353
7762.47116628690037032	-84.29819722329726517 89.99650688590213576
7943.28234724279718648	-84.09819698061441784 89.99642552072245394
8128.30516164097389264	-83.89819672649426252 89.99634226029709794
8317.63771102669124957	-83.69819646039780991 89.99625706047963547
8511.38038202374445973	-83.49819618176059066 89.99616987609529417
8709.63589956078612886	-83.29819588999160374 89.99608066091694525
8912.50938133743511571	-83.09819558447195220 89.99598936764073187
9120.10839355907592108	-82.89819526455360688 89.99589594786083069
9332.54300796988900402	-82.69819492955792839 89.99580035204388651
9549.92586021433817223	-82.49819457877441664 89.99570252950272220
9772.37220955808516010	-82.29819421145893443 89.99560242836945179
9999.99999999997817213	-82.09819382683241429 89.99549999556793978
10232.92992280751786893	-81.89819342407899683 89.99539517678569212
10471.28548050897188659	-81.69819300234435389 89.99528791644507919
10715.19305237604021386	-81.49819256073394058 89.99517815767379147
10964.78196143182503874	-81.29819209831106264 89.99506584227475514
11220.18454301960809971	-81.09819161409483002 89.99495091069518082
11481.53621496880077757	-80.89819110705816740 89.99483330199504394
11748.97554939526708040	-80.69819057612556890 89.99471295381478342
12022.64434617410006467	-80.49819002017086689 89.99458980234216199
12302.68770812378534174	-80.29818943801475939 89.99446378227844434
12589.25411794164028834	-80.09818882842246524 89.99433482680377949
12882.49551693130706553	-79.89818819010091033 89.99420286754177312
13182.56738556403797702	-79.69818752169615550 89.99406783452319303
13489.62882591650122777	-79.49818682179039797 89.99392965614887885
13803.84264602881194151	-79.29818608889901554 89.99378825915174218
14125.37544622750465351	-79.09818532146746861 89.99364356855789993
14454.39770745923487993	-78.89818451786793219 89.99349550764698336
14791.08388168203237001	-78.69818367639581425 89.99334399791131034
15135.61248436203823076	-78.49818279526627407 89.99318895901438964
15488.16618912476769765	-78.29818187261025741 89.99303030874814624
15848.93192461108810676	-78.09818090647071642 89.99286796298950719
16218.10097358925122535	-77.89817989479828952 89.99270183565552372
16595.86907437555782963	-77.69817883544709503 89.99253183865801020
16982.43652461739475257	-77.49817772617008416 89.99235788185652041
17378.00828749370339210	-77.29817656461430886 89.99217987301071275
17782.79410038917558268	-77.09817534831591956 89.99199771773139389
18197.00858609977876768	-76.89817407469499244 89.99181131943029754
18620.87136662861666991	-76.69817274104994453 89.99162057926906755
19054.60717963241040707	-76.49817134455192047 89.99142539610662084
19498.44599758039112203	-76.29816988223873864 89.99122566644558674
19952.62314968873033649	-76.09816835100859578 89.99102128437733938
20417.37944669522403274	-75.89816674761350157 89.99081214152580799
20892.96130854032162460	-75.69816506865242900 89.99059812699003658
21379.62089502224625903	-75.49816331056400998 89.99037912728522315
21877.61623949544809875	-75.29816146961904622 89.99015502628253671
22387.21138568331662100	-75.09815954191260801 89.98992570514755585
22908.67652767764957389	-74.89815752335572085 89.98969104227707305
23442.28815319913701387	-74.69815540966666845 89.98945091323463430
23988.32919019481778378	-74.49815319636196875 89.98920519068448698
24547.08915685021565878	-74.29815087874683854 89.98895374432392202
25118.86431509571048082	-74.09814845190520316 89.98869644081419494
25703.95782768854405731	-73.89814591068932259 89.98843314370971314
26302.67991895372324507	-73.69814324970884911 89.98816371338551789
26915.34803926905806293	-73.49814046331935913 89.98788800696324586
27542.28703338156265090	-73.29813754561041605 89.98760587823524304
28183.82931264443323016	-73.09813449039305056 89.98731717758687410
28840.31503126595271169	-72.89813129118658708 89.98702175191712627
29512.09226666374524939	-72.69812794120490196 89.98671944455729488
30199.51720402004502830	-72.49812443334207046 89.98641009518777878
30902.95432513578634826	-72.29812076015724642 89.98609353975281522
31622.77660168367219740	-72.09811691385891663 89.98576961037352362
32359.36569296269954066	-71.89811288628830255 89.98543813525854773
33113.11214825898059644	-71.69810866890213674 89.98509893861283615
33884.41561392012226861	-71.49810425275451564 89.98475184054429121
34673.68504525302705588	-71.29809962847788540 89.98439665696805889
35481.33892335740529234	-71.09809478626316093 89.98403319950878654
36307.80547700999159133	-70.89808971583903485 89.98366127540042214
37153.52290971710317535	-70.69808440645002179 89.98328068738382512
38018.93963205596082844	-70.49807884683376358 89.98289123360179076
38904.51449942789622582	-70.29807302519706980 89.98249270749178663
39810.71705534955253825	-70.09806692919093507 89.98208489767607432
40738.02778041109559126	-69.89806054588433426 89.98166758784928732
41686.93834703335596714	-69.69805386173675288 89.98124055666330889
42657.95188015907478984	-69.49804686256952380 89.98080357760967729
43651.58322401640180033	-69.29803953353570023 89.98035641889883607
44668.35921509611216607	-69.09803185908857870 89.97989884333688337
45708.81896148729720153	-68.89802382294865879 89.97943060819932271
46773.51412871960928896	-68.69801540806923867 89.97895146510178677
47863.00923226361919660	-68.49800659660007796 89.97846115986781967
48977.88193684439465869	-68.29799736984963943 89.97795943239341909
50118.72336272699612891	-68.09798770824542657 89.97744601650853724
51286.13839913624542532	-67.89797759129237420 89.97692063983525657
52480.74602497701562243	-67.69796699752947688 89.97638302364251217
53703.17963702502311207	-67.49795590448414373 89.97583288269763102
54954.08738576219911920	-67.29794428862460620 89.97526992511417632
56234.13251903464697534	-67.09793212530993856 89.97469385219618232
57543.99373371542606037	-66.89791938873776189 89.97410435827896436
58884.36553555862337817	-66.69790605188951815 89.97350113056576504
60255.95860743549565086	-66.49789208647320038 89.97288384896096147
61659.50018614793225424	-66.29787746286315553 89.97225218589896656
63095.73444801902951440	-66.09786215003738619 89.97160580616936443
64565.42290346524532652	-65.89784611551162641 89.97094436673769735
66069.34480075928149745	-65.69782932527041908 89.97026751656208887
67608.29753919785434846	-65.49781174369495318 89.96957489640550421
69183.09709189331624657	-65.29779333348744785 89.96886613864354842
70794.57843841344583780	-65.09777405559204055 89.96814086706773139
72443.59600749865057878	-64.89775386911185251 89.96739869668398626
74131.02413009139127098	-64.69773273122217461 89.96663923350634207
75857.75750291800068226	-64.49771059707968845 89.96586207434586413
77624.71166286877996754	-64.29768741972709734 89.96506680659439326
79432.82347242774267215	-64.09766314999367864 89.96425300800312641
81283.05161640950245783	-63.89763773639074174 89.96342024645595359
83176.37711026666511316	-63.69761112500238909 89.96256807973732350
85113.80382023719721474	-63.49758325937110470 89.96169605529456703
87096.35899560760299210	-63.29755408037787134 89.96080370999453635
89125.09381337408558466	-63.09752352611664605 89.95989056987428967
91201.08393559049000032	-62.89749153176298080 89.95895614988577904
93325.43007969860627782	-62.69745802943636193 89.95799995363461221
95499.25860214307613205	-62.49742294805609788 89.95702147311206431
97723.72209558053873479	-62.29738621319040703 89.95602018842104997
99999.99999999946157914	-62.09734774689836456 89.95499556749511783
102329.29922807485854719	-61.89730746756439572 89.95394706581082289
104712.85480508938780986	-61.69726528972495316 89.95287412609292232
107151.93052376006380655	-61.49722112388703010 89.95177617801257952
109647.81961431790841743	-61.29717487633811857 89.95065263787795118
112201.84543019573902711	-61.09712644894710110 89.94950290831751261
114815.36214968765852973	-60.89707573895588411 89.94832637795514074
117489.75549395232519601	-60.69702263876109072 89.94712242107776490
120226.44346174063684884	-60.49696703568546496 89.94589039729429203
123026.87708123748598155	-60.29690881173850414 89.94462965118646025
125892.54117941603180952	-60.09684784336577934 89.94333951195083898
128824.95516931268502958	-59.89678400118636148 89.94201929303198995
131825.67385563996504061	-59.69671714971794785 89.94066829174647637
134896.28825916460482404	-59.49664714708887914 89.93928578889740777
138038.42646028770832345	-59.29657384473664195 89.93787104837943502
141253.75446227463544346	-59.09649708709211069 89.93642331677365576
144543.97707459193770774	-58.89641671124877575 89.93494182293230210
147910.83881681991624646	-58.69633254661647470 89.93342577755302614
151356.12484361996757798	-58.49624441455864599 89.93187437274220031
154881.66189124726224691	-58.29615212801245150 89.93028678156714761
158489.31924611044814810	-58.09605549109099343 89.92866215759673310
162181.00973589206114411	-57.89595429866659515 89.92699963443044453
165958.69074375511263497	-57.69584833593452800 89.92529832521489652
169824.36524617346003652	-57.49573737795594042 89.92355732214807063
173780.08287493654643185	-57.29562118917924352 89.92177569597042464
177827.94100389126106165	-57.09549952293882313 89.91995249544275737
181970.08586099729291163	-56.89537212092999852 89.91808674681028890
186208.71366628565010615	-56.69523871265916171 89.91617745325247313
190546.07179632358020172	-56.49509901486781160 89.91422359431830102
194984.45997580335824750	-56.29495273092936003 89.91222412534622777
199526.23149688675766811	-56.09479955021728870 89.91017797686873791
204173.79446695168735459	-55.89463914744341366 89.90808405400065340
208929.61308540267054923	-55.69447118196472246 89.90594123581064423
213796.20895022188778967	-55.49429529705741260 89.90374837467578573
218776.16239495389163494	-55.29411111915641186 89.90150429561793999
223872.11385683255502954	-55.09391825705878887 89.89920779562190489
229086.76527677587000653	-54.89371630108946931 89.89685764293446368
234422.88153199074440636	-54.69350482222719734 89.89445257634358200
239883.29190194752300158	-54.49328337118910071 89.89199130443708441
245470.89156850147992373	-54.29305147747158600 89.88947250484021367
251188.64315095639904030	-54.09280864834582303 89.88689482343117731
257039.57827688471297733	-53.89255436780531738 89.88425687353374371
263026.79918953648302704	-53.69228809546346071 89.88155723508631922
269153.48039268981665373	-53.49200926539860745 89.87879445378626997
275422.87033381481887773	-53.29171728494407745 89.87596704020883465
281838.29312644351739436	-53.09141153342065422 89.87307346889937776
288403.15031265869038180	-52.89109136080845275 89.87011217743817326
295120.92266663658665493	-52.69075608635563412 89.86708156547641124
301995.17204019956989214	-52.49040499712053531 89.86397999374221968
309029.54325135692488402	-52.29003734644439305 89.86080578301576338
316227.76601683575427160	-52.08965235235083924 89.85755721307184274
323593.65692962601315230	-51.88924919586910534 89.85423252158869900
331131.12148258875822648	-51.68882701927682888 89.85082990302143457
338844.15613920014584437	-51.48838492425881697 89.84734750743905352
346736.85045252915006131	-51.28792196997756747 89.84378343932252164
354813.38923357287421823	-51.08743717105120652 89.84013575632326365
363078.05477009870810434	-50.88692949543453636 89.83640246797935447
371535.22909716982394457	-50.68639786219812038 89.83258153438794125
380189.39632055838592350	-50.48584113920072980 89.82867086483184949
389045.14499427773989737	-50.28525814064976629 89.82466831635788651
398107.17055349430302158	-50.08464762454414654 89.82057169230510851
407380.27780410967534408	-49.88400828999399295 89.81637874077981110
416869.38347033224999905	-49.68333877441083501 89.81208715307572277
426579.51880158943822607	-49.48263765056216812 89.80769456203540813
436515.83224016265012324	-49.28190342348349873 89.80319854035100491
446683.59215095971012488	-49.08113452724079906 89.79859659880075640
457088.18961487151682377	-48.88032932153606680 89.79388618441780068
467735.14128719456493855	-48.67948608814798916 89.78906467858826090
478630.09232263459125534	-48.47860302719958270 89.78412939507421697
489778.81936844234587625	-48.27767825324414019 89.77907757795834698
501187.23362726834602654	-48.07670979116024057 89.77390639950510831
512861.38399136078078300	-47.87569557184633595 89.76861295793464990
524807.46024976845365018	-47.67463342770482626 89.76319427510419757
537031.79637024842668325	-47.47352108790457237 89.75764729409183929
549540.87385762017220259	-47.27235617341114704 89.75196887667721057
562341.32519034459255636	-47.07113619177253838 89.74615580071316856
575439.93733715231064707	-46.86985853164793525 89.74020475738218749
588843.65535558422561735	-46.66852045706640695 89.73411234833048411
602559.58607435284648091	-46.46711910140146529 89.72787508267306578
616595.00186147715430707	-46.26565146104694293 89.72148937386147338
630957.34448018809780478	-46.06411438877846365 89.71495153640653086
645654.22903465025592595	-45.86250458678424735 89.70825778244652327
660693.44800759060308337	-45.66081859934782727 89.70140421815199261
676082.97539197618607432	-45.45905280516435454 89.69438683995642236
691830.97091893071774393	-45.25720340927114904 89.68720153060220923
707945.78438413201365620	-45.05526643457194069 89.67984405498988565
724435.96007498400285840	-44.85323771293303707 89.67231005581825798
741310.24130091129336506	-44.65111287582854516 89.66459504900180377
758577.57502917735837400	-44.44888734451018308 89.65669441885064828
776247.11662868515122682	-44.24655631967587510 89.64860341299750246
794328.23472427472006530	-44.04411477060982349 89.64031713705493587
812830.51616409223061055	-43.84155742376493947 89.63183054898446755
831763.77110266382806003	-43.63887875075675282 89.62313845315807725
851138.03820236911997199	-43.43607295573622906 89.61423549409120426
870963.58995607309043407	-43.23313396210650694 89.60511614982431183
891250.93813373777084053	-43.03005539854665784 89.59577472492856032
912010.83935590181499720	-42.82683058430311007 89.58620534310915673
933254.30079698294866830	-42.62345251370680899 89.57640193937777440
954992.58602142764721066	-42.41991383987151920 89.56635825176324772
977237.22095580212771893	-42.21620685752571944 89.55606781252684812
999999.99999999126885086	-42.01232348492730040 89.54552393884645767
1023292.99228074518032372	-41.80825524480704303 89.53471972293004910
1047128.54805089032743126	-41.60399324428308176 89.52364802151639367
1071519.30523759685456753	-41.39952815368439332 89.51230144471684014
1096478.19614317524246871	-41.19485018421758582 89.50067234414844108
1122018.45430195331573486	-40.98994906440591279 89.48875280030431156
1148153.62149687227793038	-40.78481401522516592 89.47653460910214562
1174897.55493951868265867	-40.57943372385500425 89.46400926754733973
1202264.43461740179918706	-40.37379631595879914 89.45116795844104729
1230268.77081237011589110	-40.16788932639855147 89.43800153405715037
1258925.41179415537044406	-39.96169966828431086 89.42450049870629414
1288249.55169312190264463	-39.75521360025021522 89.41065499009611983
1318256.73855639481917024	-39.54841669184100539 89.39645475939039443
1348962.88259164104238153	-39.34129378688341205 89.38188914985899203
1380384.26460287184454501	-39.13382896470778860 89.36694707400204152
1412537.54462274094112217	-38.92600549907389507 89.35161698901936234
1445439.77074591373093426	-38.71780581464365412 89.33588687048498400
1479108.38816819316707551	-38.50921144083028480 89.31974418407226324
1513561.24843619344756007	-38.30020296283966985 89.30317585516067425
1548816.61891246633604169	-38.09075996970413058 89.28616823613823783
1584893.19246109807863832	-37.88086099909190807 89.26870707119492465
1621810.09735891409218311	-37.67048347865698332 89.25077745838258636
1659586.90743754431605339	-37.45960366367354055 89.23236380869252571
1698243.65246172761544585	-37.24819657067652656 89.21344980187750195
1737800.82874935818836093	-37.03623590680501110 89.19401833871552299
1778279.41003890498541296	-36.82369399451751946 89.17405148938064485
1819700.85860996507108212	-36.61054169131772795 89.15353043755077067
1862087.13666284852661192	-36.39674830409555284 89.13243541984093099
1905460.71796322776935995	-36.18228149765084112 89.11074566010624665
1949844.59975802549161017	-35.96710719692529779 89.08843929810699080
1995262.31496885931119323	-35.75118948242214856 89.06549331197075503
2041737.94466950860805809	-35.53449047824105378 89.04188343382209325
2089296.13085401826538146	-35.31697023209861896 89.01758405787562367
2137962.08950221026316285	-35.09858658663993936 88.99256814020601780
2187761.62394953006878495	-34.87929504127517788 88.96680708931306469
2238721.13856831658631563	-34.65904860369377616 88.94027064649297643
2290867.65276774950325489	-34.43779763011863793 88.91292675490348074
2344228.81531989807263017	-34.21548965326032743 88.88474141607115087
2398832.91901946580037475	-33.99206919681640215 88.85567853242881142
2454708.91568500502035022	-33.76747757523125415 88.82569973428705623
2511886.43150955392047763	-33.54165267728488686 88.79476418943301042
2570395.78276883671060205	-33.31452873191290109 88.76282839330706054
2630267.99189535388723016	-33.08603605447096641 88.72984593742687309
2691534.80392688699066639	-32.85610077144226437 88.69576725340539269
2754228.70333813689649105	-32.62464452134153703 88.66053932953187200
2818382.93126442329958081	-32.39158412928957631 88.62410539645006224
2884031.50312657468020916	-32.15683125241148588 88.58640457795713985
2951209.22666635364294052	-31.92029199284464269 88.54737150235335719
3019951.72040198324248195	-31.68186647471921447 88.50693586907502208
3090295.43251355690881610	-31.44144838098633699 88.46502196452604494
3162277.66016834462061524	-31.19892444540527521 88.42154812005743736
3235936.56929624686017632	-30.95417389434719979 88.37642610390571463
3311311.21482587419450283	-30.70706783231336345 88.32956043754933262
3388441.56139198783785105	-30.45746856417978066 88.28084762533423202
3467368.50452527776360512	-30.20522884614502601 88.23017528430169421
3548133.89233571477234364	-29.95019105614302291 88.17742115885275211
3630780.54770097276195884	-29.69218627305423652 88.12245200211981455
3715352.29097168380394578	-29.43103325236161538 88.06512230258172735
3801893.96320556942373514	-29.16653728389979250 88.00527283041620308
3890451.44994276249781251	-28.89848891497085503 87.94272897316608351
3981071.70553492801263928	-28.62666251926529881 87.87729882428507722
4073802.77804108150303364	-28.35081468863109677 87.80877098074921605
4168693.83470330713316798	-28.07068242064871910 87.73691199681583441
4265795.18801587820053101	-27.78598107003436724 87.66146342972463401
4365158.32240161020308733	-27.49640202590412841 87.58213839906645148
4466835.92150958068668842	-27.20161006962781869 87.49861756391392476
4570881.89614869840443134	-26.90124035905170530 87.41054439958188027
4677351.41287192888557911	-26.59489497384416978 87.31751962769797615
4786300.92322632856667042	-26.28213894306421494 87.21909461728294843
4897788.19368440564721823	-25.96249565904280132 87.11476352830086967
5011872.33627266529947519	-25.63544156034944876 87.00395390928834161
5128613.83991358987987041	-25.30039993972787471 86.88601538261079327
5248074.60249766614288092	-24.95673369873950165 86.76020594826240995
5370317.96370246633887291	-24.60373682718319799 86.62567530102802493
5495408.73857618309557438	-24.24062432908182885 86.48144437370199000
5623413.25190342683345079	-23.86652024391761628 86.32638007296613125
5754399.37337150331586599	-23.48044331601330725 86.15916383853755178
5888436.55355582199990749	-23.08128973831962583 85.97825219234083249
6025595.86074350774288177	-22.66781222782442740 85.78182679641032848
6165950.01861475035548210	-22.23859446181512567 85.56773062115634332
6309573.44480185955762863	-21.79201959337296302 85.33338550978353965
6456542.29034647997468710	-21.32623113565612982 85.07568450815574579
6606934.48007588274776936	-20.83908390556113233 84.79084949235776492
6760829.75391973834484816	-20.32808186955062624 84.47424035147707855
6918309.70918928366154432	-19.79029851737121959 84.12009541640084365
7079457.84384129568934441	-19.22227361590752892 83.72117252151797118
7244359.60074981488287449	-18.61987757023601731 83.26824353604166618
7413102.41300908755511045	-17.97813066927946579 82.74936792265293661
7585775.75029174797236919	-17.29095845281300470 82.14882460806609288
7762471.16628682520240545	-16.55085505236459298 81.44550039999779756
7943282.34724272042512894	-15.74841158935539376 80.61038602342075876
8128305.16164089553058147	-14.87164332304326031 79.60255261020641626
8317637.71102661080658436	-13.90501257236939736 78.36243080927117433
8511380.38202366232872009	-12.82799001469523681 76.80006719435749574
8709635.89956070110201836	-11.61293180965381211 74.77349964728500709
8912509.38133734650909901	-10.22205087511813915 72.04644165939131994
9120108.39355898648500443	-8.60376277999369599 68.19960030556499930
9332543.00796979665756226	-6.69197045552210490 62.43150574047354695
9549925.86021424271166325	-4.43001389408799540 53.09564202830633661
9772372.20955798774957657	-1.93255630507959530 36.82021291821014586
9999999.99999987706542015	-0.11808984271297508 9.42653802916343331
10232929.92280741594731808	-0.69475365811108225 -22.61213035563980966
10471285.48050886765122414	-3.00709556360560137 -44.97885467457410158
10715193.05237593315541744	-5.44620056850249501 -57.71148616662591024
10964781.96143171563744545	-7.55452040326563790 -65.22488013493106962
11220184.54301949590444565	-9.33141722627933312 -70.02986917254624188
11481536.21496868506073952	-10.84459184806112830 -73.32597077989329648
11748975.54939514957368374	-12.15444033975140492 -75.71402363531319679
12022644.34617397934198380	-13.30618941849843395 -77.51888582915272252
12302687.70812366157770157	-14.33283273621406551 -78.92900025855954027
12589254.11794151365756989	-15.25864049169239856 -80.06034845444503389
12882495.51693117618560791	-16.10178134219387402 -80.98790392740771438
13182567.38556390255689621	-16.87612033072141671 -81.76214889719265955
13489628.82591636292636395	-17.59243558559338894 -82.41825751985346926
13803842.64602867141366005	-18.25924891438297948 -82.98145870144600167
14125375.44622736237943172	-18.88340201357085135 -83.47030285466746591
14454397.70745909027755260	-19.47046353503656491 -83.89872570298814480
14791083.88168188370764256	-20.02502193448638934 -84.27739408292083567
15135612.48436188697814941	-20.55089983303759027 -84.61460822823092087
15488166.18912461400032043	-21.05131348632250265 -84.91692168061295831
15848931.92461092956364155	-21.52899320456611321 -85.18957654378820621
16218100.97358908876776695	-21.98627554506170156 -85.43681506697132022
16595869.07437538914382458	-22.42517479167890571 -85.66210661249913016
16982436.52461722120642662	-22.84743902260883175 -85.86831560367429006
17378008.28749352693557739	-23.25459456197812003 -86.05782758264454912
17782794.10038899257779121	-23.64798157098553588 -86.23264506179049249
18197008.58609959110617638	-24.02878280528519639 -86.39446127632500350
18620871.36662842333316803	-24.39804704735551155 -86.54471755407362821
19054607.17963221296668053	-24.75670834972282464 -86.68464839112988329
19498445.99758018925786018	-25.10560195322929644 -86.81531719742950770
19952623.14968852698802948	-25.44547754432509379 -86.93764488768850640
20417379.44669501855969429	-25.77701036624499409 -87.05243293274013183
20892961.30854011327028275	-26.10081058674789034 -87.16038208307675461
21379620.89502203091979027	-26.41743123990902120 -87.26210768290117414
21877616.23949522897601128	-26.72737499419139340 -87.35815227704155461
22387211.38568309321999550	-27.03109994860799503 -87.44899605258697761
22908676.52767742052674294	-27.32902461953509743 -87.53506553668584900
23442288.15319890156388283	-27.62153224995230261 -87.61674088080341960
23988329.19019457697868347	-27.90897454856985505 -87.69436199216545447
24547089.15684996917843819	-28.19167494697350662 -87.76823371959780218
25118864.31509545817971230	-28.46993144745157878 -87.83863025949587211
25703957.82768828794360161	-28.74401912172318418 -87.90579891528726364
26302679.91895345970988274	-29.01419231071364990 -87.96996331832180260
26915348.03926878795027733	-29.28068656732740038 -88.03132619801743886
27542287.03338128700852394	-29.54372037746585633 -88.09007177310080294
28183829.31264415010809898	-29.80349668902974614 -88.14636782299265860
28840315.03126566112041473	-30.06020427409754348 -88.20036748810346694
29512092.26666344702243805	-30.31401894570075584 -88.25221083949151080
30199517.20401974022388458	-30.56510464747626443 -88.30202625158365493
30902954.32513547316193581	-30.81361443185006621 -88.34993160614703811
31622776.60168334841728210	-31.05969134020284983 -88.39603535118405375
32359365.69296237081289291	-31.30346919661082339 -88.44043743470207630
33113112.14825864136219025	-31.54507332518543095 -88.48323013023605199
33884415.61391977220773697	-31.78462119970365762 -88.52449876844940491
34673685.04525266587734222	-32.02222303308700191 -88.56432238701341930
35481338.92335703223943710	-32.25798231331933863 -88.60277430918792163
36307805.47700960934162140	-32.49199629156500180 -88.63992266003423026
37153522.90971671789884567	-32.72435642753632834 -88.67583082793638027
38018939.63205557316541672	-32.95514879654690077 -88.71055787804615989
38904514.49942749738693237	-33.18445446215691419 -88.74415892336908485
39810717.05534914880990982	-33.41234981785864733 -88.77668545844507264
40738027.78041068464517593	-33.63890690085178647 -88.80818565992713332
41686938.34703293442726135	-33.86419368061216773 -88.83870465780523773
42657951.88015864789485931	-34.08827432465511720 -88.86828478054640357
43651583.22401596605777740	-34.31120944363050285 -88.89696577701228364
44668359.21509566158056259	-34.53305631765526584 -88.92478501766316867
45708818.96148683875799179	-34.75386910558588482 -88.95177767725321871
46773514.12871913611888885	-34.97369903875448927 -88.97797690095758583
47863009.23226313292980194	-35.19259460053476829 -89.00341395564407776
48977881.93684390187263489	-35.41060169296464011 -89.02811836780301746
50118723.36272649466991425	-35.62776379152931838 -89.05211804947602161
51286138.39913573116064072	-35.84412208909937902 -89.07543941337293347
52480746.02497648447751999	-36.05971562992126422 -89.09810747823418353
53703179.63702447712421417	-36.27458143447164218 -89.12014596537994748
54954087.38576164096593857	-36.48875461590972691 -89.14157738728505365
56234132.51903407275676727	-36.70226848879341475 -89.16242312892997290
57543993.73371483385562897	-36.91515467066356848 -89.18270352259821721
58884365.53555801510810852	-37.12744317704576957 -89.20243791672153577
60255958.60743486881256104	-37.33916251036972511 -89.22164473931185569
61659500.18614728748798370	-37.55033974326221369 -89.24034155646504018
63095734.44801837205886841	-37.76100059662952191 -89.25854512637222626
64565422.90346457809209824	-37.97116951290981746 -89.27627144923182811
66069344.80075860023498535	-38.18086972484319119 -89.29353581341686663
67608297.53919714689254761	-38.39012332007813910 -89.31035283821771031
69183097.09189258515834808	-38.59895130190689372 -89.32673651345029953
70794578.43841269612312317	-38.80737364639787756 -89.34270023619195911
72443596.00749787688255310	-39.01540935617219219 -89.35825684488258958
74131024.13009059429168701	-39.22307651105108306 -89.37341865100771088
75857757.50291718542575836	-39.43039231578379145 -89.38819746855895687
77624711.66286794841289520	-39.63737314504857068 -89.40260464145111996
79432823.47242689132690430	-39.84403458590509928 -89.41665106905757909
81283051.61640863120555878	-40.05039147786297349 -89.43034723001302666
83176377.11026577651500702	-40.25645795071846322 -89.44370320441817057
85113803.82023629546165466	-40.46224746030076602 -89.45672869456996068
87096358.99560667574405670	-40.66777282225821466 -89.46943304433072797
89125093.81337313354015350	-40.87304624400603359 -89.48182525723851199
91201083.93558952212333679	-41.07807935494791707 -89.49391401345398833
93325430.07969760894775391	-41.28288323507644009 -89.50570768563051161
95499258.60214206576347351	-41.48746844204939777 -89.51721435378651393
97723722.09557950496673584	-41.69184503683284504 -89.52844181925347300
99999999.99999839067459106	-41.89602260799529176 -89.53939761776648254
102329299.22807376086711884	-42.10001029473177425 -89.55008903175894375
104712854.80508826673030853	-42.30381680869137995 -89.56052310191854815
107151930.52375891804695129	-42.50745045467674288 -89.57070663805612298
109647819.61431673169136047	-42.71091915027987795 -89.58064622933605392
112201845.43019452691078186	-42.91423044451423152 -89.59034825391259460
114815362.14968641102313995	-43.11739153549915216 -89.59981888801239336
117489755.49395103752613068	-43.32040928724944706 -89.60906411450227438
120226443.46173933148384094	-43.52329024561936421 -89.61808973097586772
123026877.08123613893985748	-43.72604065344717128 -89.62690135739229902
125892541.17941465973854065	-43.92866646494393024 -89.63550444329656841
128824955.16931128501892090	-44.13117335936700414 -89.64390427464890365
131825673.85563854873180389	-44.33356675401689273 -89.65210598028947686
134896288.25916314125061035	-44.53585181659321535 -89.66011453806119391
138038426.46028620004653931	-44.73803347694379795 -89.66793478061372014
141253754.46227309107780457	-44.94011643823887425 -89.67557140090787016
144543977.07459035515785217	-45.14210518760023660 -89.68302895744055547
147910838.81681829690933228	-45.34400400621390048 -89.69031187920671755
151356124.84361830353736877	-45.54581697895280001 -89.69742447041569733
154881661.89124554395675659	-45.74754800353478856 -89.70437091497613835
158489319.24610868096351624	-45.94920079923961964 -89.71115528076452961
162181009.73589026927947998	-46.15077891520742526 -89.71778152368972314
165958690.74375325441360474	-46.35228573833992272 -89.72425349156620200
169824365.24617156386375427	-46.55372450082414559 -89.73057492780729660
173780082.87493461370468140	-46.75509828729795458 -89.73674947494892251
177827941.00388926267623901	-46.95641004167492838 -89.74278067801361658
181970085.86099526286125183	-47.15766257364576575 -89.74867198772474808
186208713.66628357768058777	-47.35885856487214340 -89.75442676357846494
190546071.79632148146629333	-47.56000057488820687 -89.76004827678231379
194984459.97580119967460632	-47.76109104672413963 -89.76553971306773860
199526231.49688455462455750	-47.96213231226523277 -89.77090417538320821
204173794.46694943308830261	-48.16312659735963564 -89.77614468647503543
208929613.08540037274360657	-48.36407602668682415 -89.78126419136165737
213796208.95021954178810120	-48.56498262839834723 -89.78626555970704715
218776162.39495149254798889	-48.76584833854211354 -89.79115158809922548
223872113.85683009028434753	-48.96667500528033656 -89.79592500223800755
229086765.27677333354949951	-49.16746439291131310 -89.80058845903745635
234422881.53198814392089844	-49.36821818570419396 -89.80514454864704987
239883291.90194487571716309	-49.56893799155601954 -89.80959579639609558
245470891.56849876046180725	-49.76962534547907069 -89.81394466466460358
251188643.15095362067222595	-49.97028171292694765 -89.81819355468485355
257039578.27688187360763550	-50.17090849296693733 -89.82234480827727907
263026799.18953356146812439	-50.37150702130580271 -89.82640070952280098
269153480.39268684387207031	-50.57207857317611399 -89.83036348637615731
275422870.33381181955337524	-50.77262436608960172 -89.83423531222162239
281838293.12644040584564209	-50.97314556246374906 -89.83801830737479577
288403150.31265550851821899	-51.17364327212772679 -89.84171454053264938
295120922.66663336753845215	-51.37411855471312094 -89.84532603017409258
301995172.04019629955291748	-51.57457242193497393 -89.84885474591351340
309029543.25135362148284912	-51.77500583976829063 -89.85230260980911510
316227766.01683235168457031	-51.97541973052479847 -89.85567149762846384
323593656.92962253093719482	-52.17581497483457298 -89.85896324007265434
331131121.48258519172668457	-52.37619241353716859 -89.86217962396138148
338844156.13919651508331299	-52.57655284948612717 -89.86532239337998362
346736850.45252543687820435	-52.77689704927120573 -89.86839325079074570
354813389.23356908559799194	-52.97722574486189728 -89.87139385810917247
363078054.77009481191635132	-53.17753963517601790 -89.87432583774749162
371535229.09716582298278809	-53.37783938757673496 -89.87719077362594078
380189396.32055431604385376	-53.57812563930146865 -89.87999021215372863
389045144.99427354335784912	-53.77839899882560104 -89.88272566318063639
398107170.55349004268646240	-53.97866004716422594 -89.88539860092009803
407380277.80410534143447876	-54.17890933911456841 -89.88801046484550739
416869383.47032785415649414	-54.37914740444196582 -89.89056266056019240
426579518.80158489942550659	-54.57937474901201114 -89.89305656064242100
436515832.24015802145004272	-54.77959185587111790 -89.89549350546595008
446683592.15095496177673340	-54.97979918627811458 -89.89787480399762387
457088189.61486667394638062	-55.17999718068896442 -89.90020173457206454
467735141.28718960285186768	-55.38018625969680642 -89.90247554564523114
478630092.32262951135635376	-55.58036682492944180 -89.90469745652650602
489778819.36843717098236084	-55.78053925990595729 -89.90686865809112760
501187233.62726300954818726	-55.98070393085465213 -89.90899031347267112
512861383.99135535955429077	-56.18086118749384639 -89.91106355873711209
524807460.24976289272308350	-56.38101136377735401 -89.91308950353851515
537031796.37024283409118652	-56.58115477860612685 -89.91506923175705879
549540873.85761439800262451	-56.78129173650777517 -89.91700380212037658
562341325.19033873081207275	-56.98142252828521492 -89.91889424880801585
575439937.33714628219604492	-57.18154743163606213 -89.92074158204029288
588843655.35557806491851807	-57.38166671174397493 -89.92254678865168671
602559586.07434654235839844	-57.58178062184321533 -89.92431083264942515
616595001.86147069931030273	-57.78188940375771665 -89.92603465575702160
630957344.48018145561218262	-57.98199328841579359 -89.92771917794456726
645654229.03464341163635254	-58.18209249634148250 -89.92936529794521050
660693448.00758361816406250	-58.38218723812389044 -89.93097389375814998
676082975.39196908473968506	-58.58227771486505020 -89.93254582313892342
691830970.91892349720001221	-58.78236411860783051 -89.93408192407790125
707945784.38412463665008545	-58.98244663274427069 -89.93558301526577736
724435960.07497644424438477	-59.18252543240569707 -89.93704989654827386
741310241.30090355873107910	-59.38260068483498344 -89.93848334936880917
758577575.02916944026947021	-59.58267254974224159 -89.93988413720040853
776247116.62867701053619385	-59.78274117964431156 -89.94125300596773798
794328234.72426640987396240	-59.98280672018893966 -89.94259068445666117
812830516.16408371925354004	-60.18286931046439037 -89.94389788471579550
831763771.10265505313873291	-60.38292908329501785 -89.94517530244733905
851138038.20236015319824219	-60.58298616552355043 -89.94642361738821990
870963589.95606386661529541	-60.78304067828060653 -89.94764349368226419
891250938.13372838497161865	-60.98309273724207458 -89.94883558024302772
912010839.35589218139648438	-61.18314245287486841 -89.95000051110810091
933254300.79697299003601074	-61.38318993067163376 -89.95113890578490157
954992586.02141749858856201	-61.58323527137481790 -89.95225136958740109
977237220.95579171180725098	-61.78327857119064248 -89.95333849396592996
999999999.99998056888580322	-61.98331992199349116 -89.95440085682830045
1023292992.28073418140411377	-62.18335941152103885 -89.95543902285319859
1047128548.05087912082672119	-62.38339712356052047 -89.95645354379622916
1071519305.23758554458618164	-62.58343313812674324 -89.95744495878902569
1096478196.14316368103027344	-62.78346753163194904 -89.95841379463068677
1122018454.30194163322448730	-62.98350037704810944 -89.95936056607241937
1148153621.49686050415039062	-63.18353174406179562 -89.96028577609594379
1174897554.93950676918029785	-63.38356169922224126 -89.96118991618466509
1202264434.61738967895507812	-63.58359030608254869 -89.96207346658847825
1230268770.81235766410827637	-63.78361762533465651 -89.96293689658305937
1258925411.79414272308349609	-63.98364371493816094 -89.96378066472186674
1288249551.69310879707336426	-64.18366863024338898 -89.96460521908342400
1318256738.55638122558593750	-64.38369242410885818 -89.96541099751189563
1348962882.59162712097167969	-64.58371514701352112 -89.96619842785275978
1380384264.60285758972167969	-64.78373684716385128 -89.96696792818204358
1412537544.62272644042968750	-64.98375757059625357 -89.96771990703108202
1445439770.74589896202087402	-65.18377736127467870 -89.96845476360547877
1479108388.16817808151245117	-65.38379626118401688 -89.96917288799922119
1513561248.43617820739746094	-65.58381431041917153 -89.96987466140404877
1548816618.91245055198669434	-65.78383154727012538 -89.97056045631296683
1584893192.46108198165893555	-65.98384800830326924 -89.97123063672029275
1621810097.35889768600463867	-66.18386372843893639 -89.97188555831580459
1659586907.43752765655517578	-66.38387874102555486 -89.97252556867593398
1698243652.46171045303344727	-66.58389307791041745 -89.97315100744881988
1737800828.74934077262878418	-66.78390676950719751 -89.97376220653563905
1778279410.03888726234436035	-66.98391984486060835 -89.97435949026943547
1819700858.60994696617126465	-67.18393233170789358 -89.97494317558651744
1862087136.66283011436462402	-67.38394425653784481 -89.97551357219647628
1905460717.96320891380310059	-67.58395564464684924 -89.97607098274873749
1949844599.75800609588623047	-67.78396652019266355 -89.97661570299075606
1995262314.96883940696716309	-67.98397690624565826 -89.97714802193053174
2041737944.66948819160461426	-68.18398682483773143 -89.97766822198572356
2089296130.85399723052978516	-68.38399629700913351 -89.97817657913826395
2137962089.50218868255615234	-68.58400534285298988 -89.97867336307888309
2187761623.94950819015502930	-68.78401398155808977 -89.97915883735254283
2238721138.56829404830932617	-68.98402223144942980 -89.97963325949761781
2290867652.76772642135620117	-69.18403011002723701 -89.98009688118348492
2344228815.31987428665161133	-69.38403763400400237 -89.98054994834535592
2398832919.01944160461425781	-69.58404481933997943 -89.98099270131363880
2454708915.68498039245605469	-69.78405168127704883 -89.98142537494331350
2511886431.50952911376953125	-69.98405823437104800 -89.98184819873809204
2570395782.76881170272827148	-70.18406449252266555 -89.98226139697382564
2630267991.89532852172851562	-70.38407046900685771 -89.98266518881482057
2691534803.92686080932617188	-70.58407617650114219 -89.98305978843487196
2754228703.33810997009277344	-70.78408162711239981 -89.98344540512673007
2818382931.26439571380615234	-70.98408683240253936 -89.98382224341727920
2884031503.12654638290405273	-71.18409180341316755 -89.98419050317315282
2951209226.66632461547851562	-71.38409655068880966 -89.98455037970884973
3019951720.40195369720458984	-71.58410108429944785 -89.98490206389077173
3090295432.51352643966674805	-71.78410541386179489 -89.98524574223650063
3162277660.16831350326538086	-71.98410954855974353 -89.98558159701669013
3235936569.29621505737304688	-72.18411349716379277 -89.98590980634961056
3311311214.82584190368652344	-72.38411726804972091 -89.98623054429836543
3388441561.39195489883422852	-72.58412086921632067 -89.98654398096078921
3467368504.52524423599243164	-72.78412430830232438 -89.98685028256088003
3548133892.33568048477172852	-72.98412759260270377 -89.98714961153770275
3630780547.70093727111816406	-73.18413072908407457 -89.98744212663017095
3715352290.97164726257324219	-73.38413372439946158 -89.98772798296332098
3801893963.20553207397460938	-73.58413658490250953 -89.98800733212927128
3890451449.94272422790527344	-73.78413931666082703 -89.98828032226802520
3981071705.53488874435424805	-73.98414192546897539 -89.98854709814624186
4073802778.04104137420654297	-74.18414441686067562 -89.98880780123404577
4168693834.70326614379882812	-74.38414679612063196 -89.98906256978091278
4265795188.01583671569824219	-74.58414906829563051 -89.98931153888727863
4365158322.40156745910644531	-74.78415123820536792 -89.98955484057771059
4466835921.50953674316406250	-74.98415331045256949 -89.98979260387186230
4570881896.14865303039550781	-75.18415528943282311 -89.99002495484931785
4677351412.87188243865966797	-75.38415717934388738 -89.99025201672138508
4786300923.22628116607666016	-75.58415898419454493 -89.99047390989240114
4897788193.68435668945312500	-75.78416070781320002 -89.99069075202581303
5011872336.27261543273925781	-75.98416235385593609 -89.99090265810633582
5128613839.91353893280029297	-76.18416392581423224 -89.99110974050003620
5248074602.49761390686035156	-76.38416542702249501 -89.99131210901617806
5370317963.70241260528564453	-76.58416686066502166 -89.99150987096184906
5495408738.57612800598144531	-76.78416822978277878 -89.99170313120224307
5623413251.90336990356445312	-76.98416953727988243 -89.99189199221511615
5754399373.37144565582275391	-77.18417078592975145 -89.99207655414522833
5888436553.55576324462890625	-77.38417197838094808 -89.99225691485662537
6025595860.74344825744628906	-77.58417311716284814 -89.99243316998624209
6165950018.61468887329101562	-77.78417420469098431 -89.99260541299277349
6309573444.80179595947265625	-77.98417524327214778 -89.99277373520791912
6456542290.34641551971435547	-78.18417623510936210 -89.99293822588447256
6606934480.07581710815429688	-78.38417718230643061 -89.99309897224114252
6760829753.91967105865478516	-78.58417808687252659 -89.99325605951489138
6918309709.18921470642089844	-78.78417895072634280 -89.99340957099815341
7079457843.84122562408447266	-78.98417977570025528 -89.99355958808976652
7244359600.74974346160888672	-79.18418056354414603 -89.99370619033435048
7413102413.00901412963867188	-79.38418131592916893 -89.99384945546579218
7585775750.29167270660400391	-79.58418203445121719 -89.99398945945053185
7762471166.28674793243408203	-79.78418272063440497 -89.99412627652139918
7943282347.24264144897460938	-79.98418337593419380 -89.99425997922431009
8128305161.64081478118896484	-80.18418400174059002 -89.99439063845326814
8317637711.02652835845947266	-80.38418459938102956 -89.99451832348898961
8511380382.02357864379882812	-80.58418517012316329 -89.99464310203167372
8709635899.56061553955078125	-80.78418571517765656 -89.99476504024561052
8912509381.33725929260253906	-80.98418623570061925 -89.99488420278460410
9120108393.55889701843261719	-81.18418673279614950 -89.99500065283345407
9332543007.96970558166503906	-81.38418720751869273 -89.99511445213489935
9549925860.21414947509765625	-81.58418766087514484 -89.99522566103200916
9772372209.55789184570312500	-81.78418809382718280 -89.99533433848743869
9999999999.99977874755859375	-81.98418850729316887 -89.99544054212702804
10232929922.80731391906738281	-82.18418890215006911 -89.99554432826127481
10471285480.50876235961914062	-82.38418927923548551 -89.99564575192250970
10715193052.37582588195800781	-82.58418963934926182 -89.99574486688500485
10964781961.43160629272460938	-82.78418998325520306 -89.99584172570531848
11220184543.01938438415527344	-82.98419031168282345 -89.99593637973798366
11481536214.96857070922851562	-83.18419062532876751 -89.99602887917215810
11748975549.39503288269042969	-83.38419092485830220 -89.99611927305193149
12022644346.17386054992675781	-83.58419121090676640 -89.99620760930615404
12302687708.12354087829589844	-83.78419148408093520 -89.99629393477465555
12589254117.94139099121093750	-83.98419174496024198 -89.99637829522762900
12882495516.93105125427246094	-84.18419199409800058 -89.99646073539513225
13182567385.56377601623535156	-84.38419223202274111 -89.99654129898993915
13489628825.91623306274414062	-84.58419245923907681 -89.99662002872508992
13803842646.02853775024414062	-84.78419267622899724 -89.99669696634623506
14125375446.22722434997558594	-84.98419288345276357 -89.99677215264921415
14454397707.45894813537597656	-85.18419308134991752 -89.99684562749496308
14791083881.68173980712890625	-85.38419327034021933 -89.99691742984705911
15135612484.36173820495605469	-85.58419345082455720 -89.99698759777247403
15488166189.12446212768554688	-85.78419362318577157 -89.99705616847967349
15848931924.61077499389648438	-85.98419378778942246 -89.99712317832002384
16218100973.58893013000488281	-86.18419394498471320 -89.99718866282795204
16595869074.37522697448730469	-86.38419409510503044 -89.99725265672005037
16982436524.61705398559570312	-86.58419423846881102 -89.99731519393279200
17378008287.49335479736328125	-86.78419437538018144 -89.99737630762307106
17782794100.38881683349609375	-86.98419450612951209 -89.99743603019132365
18197008586.09941482543945312	-87.18419463099414202 -89.99749439330550160
18620871366.62824630737304688	-87.38419475023894734 -89.99755142790949947
19054607179.63203430175781250	-87.58419486411683863 -89.99760716424897566
19498445997.58000564575195312	-87.78419497286940043 -89.99766163186889401
19952623149.68833923339843750	-87.98419507672726070 -89.99771485965258933
20417379446.69482421875000000	-88.18419517591075873 -89.99776687582343015
20892961308.53991317749023438	-88.38419527063027203 -89.99781770795861746
21379620895.02182769775390625	-88.58419536108669945 -89.99786738301237676
21877616239.49502182006835938	-88.78419544747190173 -89.99791592732189827
22387211385.68288040161132812	-88.98419552996914206 -89.99796336662862473
22908676527.67720031738281250	-89.18419560875341290 -89.99800972608063887
23442288153.19867706298828125	-89.38419568399177706 -89.99805503026415465
23988329190.19434738159179688	-89.58419575584386507 -89.99809930319521811
24547089156.84973144531250000	-89.78419582446207414 -89.99814256835269077
25118864315.09521484375000000	-89.98419588999196606 -89.99818484867250845
25703957827.68803787231445312	-90.18419595257250876 -89.99822616657216656
26302679918.95320510864257812	-90.38419601233647427 -89.99826654396267145
26915348039.26852798461914062	-90.58419606941060920 -89.99830600225094202
27542287033.38101959228515625	-90.78419612391599003 -89.99834456235660696
28183829312.64387893676757812	-90.98419617596823628 -89.99838224472901516
28840315031.26538467407226562	-91.18419622567772365 -89.99841906934470614
29512092266.66316604614257812	-91.38419627314993932 -89.99845505572461946
30199517204.01945495605468750	-91.58419631848553877 -89.99849022295911993
30902954325.13518142700195312	-91.78419636178070107 -89.99852458968814517
31622776601.68305206298828125	-91.98419640312727097 -89.99855817413411785
32359365692.96206665039062500	-92.18419644261291523 -89.99859099410441843
33113112148.25833129882812500	-92.38419648032142106 -89.99862306699969849
33884415613.91945648193359375	-92.58419651633276715 -89.99865440982667053
34673685045.25234985351562500	-92.78419655072333683 -89.99868503920521334
35481338923.35671234130859375	-92.98419658356607442 -89.99871497137147003
36307805477.00927734375000000	-93.18419661493065576 -89.99874422219966164
37153522909.71637725830078125	-93.38419664488357341 -89.99877280719822181
38018939632.05522155761718750	-93.58419667348840676 -89.99880074151616327
38904514499.42713928222656250	-93.78419670080580772 -89.99882803997820702
39810717055.34877777099609375	-93.98419672689372817 -89.99885471704796203
40738027780.41030120849609375	-94.18419675180749095 -89.99888078687158099
41686938347.03254699707031250	-94.38419677559994625 -89.99890626328162568
42657951880.15824890136718750	-94.58419679832158522 -89.99893115977076263
43651583224.01555633544921875	-94.78419682002055424 -89.99895548954354751
44668359215.09524536132812500	-94.98419684074292491 -89.99897926550907812
45708818961.48641204833984375	-95.18419686053262296 -89.99900250026625770
46773514128.71870422363281250	-95.38419687943164149 -89.99902520613552781
47863009232.26269531250000000	-95.58419689748006931 -89.99904739515355345
48977881936.84345245361328125	-95.78419691471620467 -89.99906907908507492
50000000000.00000000000000000	-95.96359701623653393 -89.99908810930891434
