TIME 		V(2)
0	98.66533371578249501
0.00001000000000000	98.66533371578250922
0.00002000000000000	98.66533371578252343
0.00003000000000000	98.66533371578253764
0.00004000000000000	98.66533371578255185
0.00005000000000000	98.66533371578255185
0.00006000000000000	98.66533371578255185
0.00007000000000000	98.66533371578255185
0.00008000000000000	98.66533371578255185
0.00009000000000000	98.66533371578255185
0.00010000000000000	98.66533371578255185
0.00011000000000000	98.66533371578255185
0.00012000000000000	98.66533371578255185
0.00013000000000000	98.66533371578255185
0.00014000000000000	98.66533371578255185
0.00015000000000000	98.66533371578255185
0.00016000000000000	98.66533371578255185
0.00017000000000000	98.66533371578255185
0.00018000000000000	98.66533371578255185
0.00019000000000000	98.66533371578255185
0.00020000000000000	98.66533371578255185
0.00021000000000000	98.66533371578255185
0.00022000000000000	98.66533371578255185
0.00023000000000000	98.66533371578255185
0.00024000000000000	98.66533371578255185
0.00025000000000000	98.66533371578255185
0.00026000000000000	98.66533371578255185
0.00027000000000000	98.66533371578255185
0.00028000000000000	98.66533371578255185
0.00029000000000000	98.66533371578255185
0.00030000000000000	98.66533371578255185
0.00031000000000000	98.66533371578255185
0.00032000000000000	98.66533371578255185
0.00033000000000000	98.66533371578255185
0.00034000000000000	98.66533371578255185
0.00035000000000000	98.66533371578255185
0.00036000000000000	98.66533371578255185
0.00037000000000000	98.66533371578255185
0.00038000000000000	98.66533371578255185
0.00039000000000000	98.66533371578255185
0.00040000000000000	98.66533371578255185
0.00041000000000000	98.66533371578255185
0.00042000000000000	98.66533371578255185
0.00043000000000000	98.66533371578255185
0.00044000000000000	98.66533371578255185
0.00045000000000000	98.66533371578255185
0.00046000000000000	98.66533371578255185
0.00047000000000000	98.66533371578255185
0.00048000000000000	98.66533371578255185
0.00049000000000000	98.66533371578255185
0.00050000000000000	98.66533371578255185
0.00051000000000000	98.66533371578255185
0.00052000000000000	98.66533371578255185
0.00053000000000000	98.66533371578255185
0.00054000000000000	98.66533371578255185
0.00055000000000000	98.66533371578255185
0.00056000000000000	98.66533371578255185
0.00057000000000000	98.66533371578255185
0.00058000000000000	98.66533371578255185
0.00059000000000000	98.66533371578255185
0.00060000000000000	98.66533371578255185
0.00061000000000000	98.66533371578255185
0.00062000000000000	98.66533371578255185
0.00063000000000000	98.66533371578255185
0.00064000000000000	98.66533371578255185
0.00065000000000000	98.66533371578255185
0.00066000000000000	98.66533371578255185
0.00067000000000000	98.66533371578255185
0.00068000000000000	98.66533371578255185
0.00069000000000000	98.66533371578255185
0.00070000000000000	98.66533371578255185
0.00071000000000000	98.66533371578255185
0.00072000000000000	98.66533371578255185
0.00073000000000000	98.66533371578255185
0.00074000000000000	98.66533371578255185
0.00075000000000000	98.66533371578255185
0.00076000000000000	98.66533371578255185
0.00077000000000000	98.66533371578255185
0.00078000000000000	98.66533371578255185
0.00079000000000000	98.66533371578255185
0.00080000000000000	98.66533371578255185
0.00081000000000000	98.66533371578255185
0.00082000000000000	98.66533371578255185
0.00083000000000000	98.66533371578255185
0.00084000000000000	98.66533371578255185
0.00085000000000000	98.66533371578255185
0.00086000000000000	98.66533371578255185
0.00087000000000000	98.66533371578255185
0.00088000000000000	98.66533371578255185
0.00089000000000000	98.66533371578255185
0.00090000000000000	98.66533371578255185
0.00091000000000000	98.66533371578255185
0.00092000000000000	98.66533371578255185
0.00093000000000000	98.66533371578255185
0.00094000000000000	98.66533371578255185
0.00095000000000000	98.66533371578255185
0.00096000000000000	98.66533371578255185
0.00097000000000000	98.66533371578255185
0.00098000000000000	98.66533371578255185
0.00099000000000000	98.66533371578255185
0.00100000000000000	98.66533371578255185
0.00101000000000000	98.66485001594094228
0.00102000000000000	98.66387299680624778
0.00103000000000000	98.66288636308134130
0.00104000000000000	98.66189973915082589
0.00105000000000000	98.66091312508650901
0.00106000000000000	98.65992652088827697
0.00107000000000000	98.65893992655603029
0.00108000000000000	98.65795334208968370
0.00109000000000000	98.65696676748913774
0.00110000000000000	98.65598020275427871
0.00111000000000000	98.65499364788500714
0.00112000000000000	98.65400710288123776
0.00113000000000000	98.65302056774287109
0.00114000000000000	98.65203404246980767
0.00115000000000000	98.65104752706194802
0.00116000000000000	98.65006102151919265
0.00117000000000000	98.64907452584144210
0.00118000000000000	98.64808804002859688
0.00119000000000000	98.64710156408057173
0.00120000000000000	98.64611509799726718
0.00121000000000000	98.64512864177856954
0.00122000000000000	98.64414219542437934
0.00123000000000000	98.64315575893459709
0.00124000000000000	98.64216933230912332
0.00125000000000000	98.64118291554787277
0.00126000000000000	98.64019650865074595
0.00127000000000000	98.63921011161764341
0.00128000000000000	98.63822372444846565
0.00129000000000000	98.63723734714309899
0.00130000000000000	98.63625097970145816
0.00131000000000000	98.63526462212344370
0.00132000000000000	98.63427827440895612
0.00133000000000000	98.63329193655789595
0.00134000000000000	98.63230560857016371
0.00135000000000000	98.63131929044565993
0.00136000000000000	98.63033298218428513
0.00137000000000000	98.62934668378595404
0.00138000000000000	98.62836039525055298
0.00139000000000000	98.62737411657798248
0.00140000000000000	98.62638784776815726
0.00141000000000000	98.62540158882097785
0.00142000000000000	98.62441533973633057
0.00143000000000000	98.62342910051411593
0.00144000000000000	98.62244287115424868
0.00145000000000000	98.62145665165662933
0.00146000000000000	98.62047044202115842
0.00147000000000000	98.61948424224773646
0.00148000000000000	98.61849805251443968
0.00149000000000000	98.61753666571912902
0.00150000000000000	98.61785045454803367
0.00151000000000000	98.61816393114516188
0.00152000000000000	98.61720223860181989
0.00153000000000000	98.61621607169311687
0.00154000000000000	98.61522991446317121
0.00155000000000000	98.61424376709474870
0.00156000000000000	98.61325762958774988
0.00157000000000000	98.61227150194207525
0.00158000000000000	98.61128538415763956
0.00159000000000000	98.61029927623434332
0.00160000000000000	98.60931317817207287
0.00161000000000000	98.60832708997072871
0.00162000000000000	98.60734101163021137
0.00163000000000000	98.60635494315042138
0.00164000000000000	98.60536888453127347
0.00165000000000000	98.60438283577266816
0.00166000000000000	98.60339679687450598
0.00167000000000000	98.60241076783668746
0.00168000000000000	98.60142474865909890
0.00169000000000000	98.60043873934165504
0.00170000000000000	98.59945273988425640
0.00171000000000000	98.59846675028678931
0.00172000000000000	98.59748077054916848
0.00173000000000000	98.59649480067130867
0.00174000000000000	98.59550884065309617
0.00175000000000000	98.59452289049443152
0.00176000000000000	98.59353695019522945
0.00177000000000000	98.59255101975537627
0.00178000000000000	98.59156509917477251
0.00179000000000000	98.59057918845333290
0.00180000000000000	98.58959328759095797
0.00181000000000000	98.58860739658753403
0.00182000000000000	98.58762151544296159
0.00183000000000000	98.58663564415715541
0.00184000000000000	98.58564978273001600
0.00185000000000000	98.58466393116144388
0.00186000000000000	98.58367808945133959
0.00187000000000000	98.58269225759960364
0.00188000000000000	98.58170643560613655
0.00189000000000000	98.58072062347083886
0.00190000000000000	98.57973482119361108
0.00191000000000000	98.57874902877435375
0.00192000000000000	98.57776324621296737
0.00193000000000000	98.57677747350935249
0.00194000000000000	98.57579171066342383
0.00195000000000000	98.57480595767508191
0.00196000000000000	98.57382021454421306
0.00197000000000000	98.57283448127071779
0.00198000000000000	98.57184875830746762
0.00199000000000000	98.57092602268674852
0.00200000000000000	98.57312266945156409
0.00201000000000000	98.57531400294764978
0.00202000000000000	98.57438594134985976
0.00203000000000000	98.57340020284966897
0.00204000000000000	98.57241447377627708
0.00205000000000000	98.57142875456011666
0.00206000000000000	98.57044304520108824
0.00207000000000000	98.56945734569910655
0.00208000000000000	98.56847165605408634
0.00209000000000000	98.56748597626591391
0.00210000000000000	98.56650030633448978
0.00211000000000000	98.56551464625971448
0.00212000000000000	98.56452899604148854
0.00213000000000000	98.56354335567972669
0.00214000000000000	98.56255772517431524
0.00215000000000000	98.56157210452516892
0.00216000000000000	98.56058649373218827
0.00217000000000000	98.55960089279524539
0.00218000000000000	98.55861530171425500
0.00219000000000000	98.55762972048913184
0.00220000000000000	98.55664414911977644
0.00221000000000000	98.55565858760608933
0.00222000000000000	98.55467303594797102
0.00223000000000000	98.55368749414529361
0.00224000000000001	98.55270196219798606
0.00225000000000001	98.55171644010597731
0.00226000000000001	98.55073092786913946
0.00227000000000001	98.54974542548737304
0.00228000000000001	98.54875993296057857
0.00229000000000001	98.54777445028865657
0.00230000000000001	98.54678897747150756
0.00231000000000001	98.54580351450903208
0.00232000000000001	98.54481806140114486
0.00233000000000001	98.54383261814774642
0.00234000000000001	98.54284718474872307
0.00235000000000001	98.54186176120397533
0.00236000000000001	98.54087634751341795
0.00237000000000001	98.53989094367695145
0.00238000000000001	98.53890554969447635
0.00239000000000001	98.53792016556589317
0.00240000000000001	98.53693479129110244
0.00241000000000001	98.53594942687000469
0.00242000000000001	98.53496407230250043
0.00243000000000001	98.53397872758849019
0.00244000000000001	98.53299339272787449
0.00245000000000001	98.53200806772056808
0.00246000000000001	98.53102275256647147
0.00247000000000001	98.53003744726547097
0.00248000000000001	98.52905215288352281
0.00249000000000001	98.52821483708908090
0.00250000000000001	98.53417520893391668
0.00251000000000001	98.54010420659474789
0.00252000000000001	98.53923546550333867
0.00253000000000001	98.53825007894531041
0.00254000000000001	98.53726470137146976
0.00255000000000001	98.53627933365133629
0.00256000000000001	98.53529397578482474
0.00257000000000001	98.53430862777184984
0.00258000000000001	98.53332328961231212
0.00259000000000001	98.53233796130609790
0.00260000000000001	98.53135264285310768
0.00261000000000001	98.53036733425325622
0.00262000000000001	98.52938203550644403
0.00263000000000001	98.52839674661257163
0.00264000000000001	98.52741146757153956
0.00265000000000001	98.52642619838324833
0.00266000000000001	98.52544093904759848
0.00267000000000001	98.52445568956449051
0.00268000000000001	98.52347044993382497
0.00269000000000001	98.52248522015550236
0.00270000000000001	98.52150000022943743
0.00271000000000001	98.52051479015553070
0.00272000000000001	98.51952958993366849
0.00273000000000001	98.51854439956375131
0.00274000000000001	98.51755921904569391
0.00275000000000001	98.51657404837939680
0.00276000000000001	98.51558888756476051
0.00277000000000001	98.51460373660168557
0.00278000000000001	98.51361859549007249
0.00279000000000001	98.51263346422982181
0.00280000000000001	98.51164834282083405
0.00281000000000001	98.51066323126300972
0.00282000000000001	98.50967812955624936
0.00283000000000001	98.50869303770045349
0.00284000000000001	98.50770795569552263
0.00285000000000001	98.50672288354135731
0.00286000000000001	98.50573782123785804
0.00287000000000001	98.50475276878493958
0.00288000000000001	98.50376772618250243
0.00289000000000001	98.50278269343044713
0.00290000000000001	98.50179767052867419
0.00291000000000001	98.50081265747706993
0.00292000000000001	98.49982765427554909
0.00293000000000001	98.49884266092401219
0.00294000000000001	98.49785767742235976
0.00295000000000001	98.49687270377049231
0.00296000000000001	98.49588773996831037
0.00297000000000001	98.49490278601572868
0.00298000000000001	98.49391784406516592
0.00299000000000001	98.49323078935235287
0.00300000000000001	98.50478080491936339
0.00301000000000001	98.51622090988146851
0.00302000000000001	98.51542383628130040
0.00303000000000001	98.51443868836875595
0.00304000000000001	98.51345354890759154
0.00305000000000001	98.51246841929778952
0.00306000000000001	98.51148329953923621
0.00307000000000001	98.51049818963183213
0.00308000000000001	98.50951308957547781
0.00309000000000001	98.50852799937007376
0.00310000000000001	98.50754291901552051
0.00311000000000001	98.50655784851171859
0.00312000000000001	98.50557278785856852
0.00313000000000001	98.50458773705597082
0.00314000000000001	98.50360269610384023
0.00315000000000001	98.50261766500207727
0.00316000000000001	98.50163264375056826
0.00317000000000001	98.50064763234921372
0.00318000000000001	98.49966263079792839
0.00319000000000001	98.49867763909661278
0.00320000000000001	98.49769265724516742
0.00321000000000001	98.49670768524349285
0.00322000000000001	98.49572272309148957
0.00323000000000001	98.49473777078905812
0.00324000000000001	98.49375282833609901
0.00325000000000001	98.49276789573251278
0.00326000000000001	98.49178297297819995
0.00327000000000001	98.49079806007307525
0.00328000000000001	98.48981315701703920
0.00329000000000001	98.48882826380997813
0.00330000000000001	98.48784338045179254
0.00331000000000001	98.48685850694239718
0.00332000000000001	98.48587364328169258
0.00333000000000001	98.48488878946956504
0.00334000000000001	98.48390394550592930
0.00335000000000001	98.48291911139068588
0.00336000000000001	98.48193428712372111
0.00337000000000001	98.48094947270494970
0.00338000000000001	98.47996466813428640
0.00339000000000001	98.47897987341161752
0.00340000000000001	98.47799508853684358
0.00341000000000001	98.47701031350987932
0.00342000000000001	98.47602554833061106
0.00343000000000001	98.47504079299893931
0.00344000000000001	98.47405604751477881
0.00345000000000001	98.47307131187803009
0.00346000000000001	98.47208658608857945
0.00347000000000001	98.47110187014634164
0.00348000000000001	98.47011716751602250
0.00349000000000001	98.46961022741247405
0.00350000000000001	98.48667884015041807
0.00351000000000001	98.50351204290289786
0.00352000000000001	98.50276952789056395
0.00353000000000001	98.50178450692372678
0.00354000000000001	98.50079949400375767
0.00355000000000001	98.49981449093387198
0.00356000000000001	98.49882949771397023
0.00357000000000001	98.49784451434395294
0.00358000000000001	98.49685954082372064
0.00359000000000001	98.49587457715317385
0.00360000000000001	98.49488962333221309
0.00361000000000001	98.49390467936073890
0.00362000000000001	98.49291974523865179
0.00363000000000001	98.49193482096585228
0.00364000000000001	98.49094990654224091
0.00365000000000001	98.48996500196773241
0.00366000000000001	98.48898010724222729
0.00367000000000001	98.48799522236559767
0.00368000000000001	98.48701034733777249
0.00369000000000001	98.48602548215866648
0.00370000000000001	98.48504062682815174
0.00371000000000001	98.48405578134614302
0.00372000000000001	98.48307094571254083
0.00373000000000001	98.48208611992724570
0.00374000000000001	98.48110130399015816
0.00375000000000001	98.48011649790119293
0.00376000000000001	98.47913170166025054
0.00377000000000001	98.47814691526720310
0.00378000000000001	98.47716213872196533
0.00379000000000001	98.47617737202445198
0.00380000000000001	98.47519261517454936
0.00381000000000001	98.47420786817215799
0.00382000000000001	98.47322313101719260
0.00383000000000001	98.47223840370955372
0.00384000000000001	98.47125368624914188
0.00385000000000001	98.47026897863585759
0.00386000000000001	98.46928428086960139
0.00387000000000001	98.46829959295027379
0.00388000000000001	98.46731491487777532
0.00389000000000001	98.46633024665200651
0.00390000000000001	98.46534558827286787
0.00391000000000001	98.46436093974025994
0.00392000000000001	98.46337630105408323
0.00393000000000001	98.46239167221425248
0.00394000000000001	98.46140705322066822
0.00395000000000001	98.46042244407321675
0.00396000000000001	98.45943784477179861
0.00397000000000001	98.45845325531634273
0.00398000000000001	98.45746868016885855
0.00399000000000001	98.45709771498417240
0.00400000000000001	98.47774195849716250
0.00401000000000000	98.49804294058309040
0.00402000000000000	98.49732851222063346
0.00403000000000000	98.49634354587098528
0.00404000000000000	98.49535858736037142
0.00405000000000000	98.49437363869928674
0.00406000000000000	98.49338869988763179
0.00407000000000000	98.49240377092529286
0.00408000000000000	98.49141885181219891
0.00409000000000000	98.49043394254826467
0.00410000000000000	98.48944904313337645
0.00411000000000000	98.48846415356744899
0.00412000000000000	98.48747927385036860
0.00413000000000000	98.48649440398202159
0.00414000000000000	98.48550954396232271
0.00415000000000000	98.48452469379117247
0.00416000000000000	98.48353985346847139
0.00417000000000000	98.48255502299410580
0.00418000000000000	98.48157020236799042
0.00419000000000000	98.48058539159005420
0.00420000000000000	98.47960059066018346
0.00421000000000000	98.47861579957826450
0.00422000000000000	98.47763101834421207
0.00423000000000000	98.47664624695792668
0.00424000000000000	98.47566148541929465
0.00425000000000000	98.47467673372823072
0.00425999999999999	98.47369199207587087
0.00426999999999999	98.47270726046211564
0.00427999999999999	98.47172253869563008
0.00428999999999999	98.47073782677630049
0.00429999999999999	98.46975312470404162
0.00430999999999999	98.46876843247875399
0.00431999999999999	98.46778375010032391
0.00432999999999999	98.46679907756866612
0.00433999999999999	98.46581441488368114
0.00434999999999999	98.46482976204526949
0.00435999999999999	98.46384511905333170
0.00436999999999999	98.46286048590776829
0.00437999999999999	98.46187586260849400
0.00438999999999999	98.46089124915540935
0.00439999999999999	98.45990664554840066
0.00440999999999999	98.45892205178736845
0.00441999999999999	98.45793746787222744
0.00442999999999999	98.45695289380286397
0.00443999999999999	98.45596832957916433
0.00444999999999999	98.45498377520105748
0.00445999999999999	98.45399923066844394
0.00446999999999999	98.45301469598121002
0.00447999999999999	98.45203017611413543
0.00448999999999999	98.45172882078551879
0.00449999999999998	98.47405216513588755
0.00450999999999998	98.49597410577418088
0.00451999999999998	98.49527112764897652
0.00452999999999998	98.49428618234004773
0.00453999999999998	98.49330124478548498
0.00454999999999998	98.49231631708023826
0.00455999999999998	98.49133139922422231
0.00456999999999998	98.49034649121733764
0.00457999999999998	98.48936159305947058
0.00458999999999998	98.48837670475053585
0.00459999999999998	98.48739182629043398
0.00460999999999998	98.48640695767906550
0.00461999999999998	98.48542209891633092
0.00462999999999998	98.48443725000213078
0.00463999999999998	98.48345241093636560
0.00464999999999998	98.48246758171893589
0.00465999999999998	98.48148276234974219
0.00466999999999998	98.48049795282868502
0.00467999999999998	98.47951315315567911
0.00468999999999998	98.47852836333062498
0.00469999999999998	98.47754358335340896
0.00470999999999998	98.47655881322393157
0.00471999999999998	98.47557405294210753
0.00472999999999998	98.47458930250783737
0.00473999999999998	98.47360456192102163
0.00474999999999997	98.47261983118156081
0.00475999999999997	98.47163511028935545
0.00476999999999997	98.47065039924430607
0.00477999999999997	98.46966569804631320
0.00478999999999997	98.46868100669527735
0.00479999999999997	98.46769632519109905
0.00480999999999997	98.46671165353367883
0.00481999999999997	98.46572699172291721
0.00482999999999997	98.46474233975872892
0.00483999999999997	98.46375769764101449
0.00484999999999997	98.46277306536966023
0.00485999999999997	98.46178844294456667
0.00486999999999997	98.46080383036564854
0.00487999999999997	98.45981922763280636
0.00488999999999997	98.45883463474594066
0.00489999999999997	98.45785005170495197
0.00490999999999997	98.45686547850974080
0.00491999999999997	98.45588091516020768
0.00492999999999997	98.45489636165625313
0.00493999999999997	98.45391181799777769
0.00494999999999997	98.45292728418468187
0.00495999999999997	98.45194276021688040
0.00496999999999997	98.45095824609427382
0.00497999999999997	98.44997374700048454
0.00498999999999996	98.44970069263128210
0.00499999999999996	98.47268125057166799
0.00500999999999996	98.49523630968069199
0.00501999999999996	98.49453753060355155
0.00502999999999996	98.49355259266152984
0.00503999999999996	98.49256766244282346
0.00504999999999996	98.49158274207336206
0.00505999999999996	98.49059783155306036
0.00506999999999996	98.48961293088181890
0.00507999999999996	98.48862804005952398
0.00508999999999996	98.48764315908607614
0.00509999999999996	98.48665828796139010
0.00510999999999996	98.48567342668536639
0.00511999999999996	98.48468857525790554
0.00512999999999996	98.48370373367892228
0.00513999999999996	98.48271890194828870
0.00514999999999996	98.48173408006590535
0.00515999999999996	98.48074926803170115
0.00516999999999996	98.47976446584556243
0.00517999999999996	98.47877967350738970
0.00518999999999996	98.47779489101708350
0.00519999999999996	98.47681011837454434
0.00520999999999996	98.47582535557968697
0.00521999999999996	98.47484060263241190
0.00522999999999996	98.47385585953260545
0.00523999999999995	98.47287112628016814
0.00524999999999995	98.47188640287501471
0.00525999999999995	98.47090168931704568
0.00526999999999995	98.46991698560616157
0.00527999999999995	98.46893229174226292
0.00528999999999995	98.46794760772525024
0.00529999999999995	98.46696293355502405
0.00530999999999995	98.46597826923148489
0.00531999999999995	98.46499361475453327
0.00532999999999995	98.46400897012406972
0.00533999999999995	98.46302433534000897
0.00534999999999995	98.46203971040223735
0.00535999999999995	98.46105509531065536
0.00536999999999995	98.46007049006517775
0.00537999999999995	98.45908589466570504
0.00538999999999995	98.45810130911213776
0.00539999999999995	98.45711673340436221
0.00540999999999995	98.45613216754229313
0.00541999999999995	98.45514761152583105
0.00542999999999995	98.45416306535487649
0.00543999999999995	98.45317852902932998
0.00544999999999995	98.45219400254909203
0.00545999999999995	98.45120948591407739
0.00546999999999995	98.45022497912417236
0.00547999999999994	98.44924048743959588
0.00548999999999994	98.44897780100080809
0.00549999999999994	98.47219566109133382
0.00550999999999994	98.49497913513947367
0.00551999999999994	98.49428183432824824
0.00552999999999994	98.49329689895409956
0.00553999999999994	98.49231197129232385
0.00554999999999994	98.49132705347977890
0.00555999999999994	98.49034214551635102
0.00556999999999994	98.48935724740194075
0.00557999999999994	98.48837235913646282
0.00558999999999994	98.48738748071981775
0.00559999999999994	98.48640261215190606
0.00560999999999994	98.48541775343262827
0.00561999999999994	98.48443290456188492
0.00562999999999994	98.48344806553957653
0.00563999999999994	98.48246323636560362
0.00564999999999994	98.48147841703986671
0.00565999999999994	98.48049360756226633
0.00566999999999994	98.47950880793271722
0.00567999999999994	98.47852401815111989
0.00568999999999994	98.47753923821736066
0.00569999999999994	98.47655446813134006
0.00570999999999994	98.47556970789297281
0.00571999999999994	98.47458495750215945
0.00572999999999993	98.47360021695880050
0.00573999999999993	98.47261548626279648
0.00574999999999993	98.47163076541403370
0.00575999999999993	98.47064605441242691
0.00576999999999993	98.46966135325789082
0.00577999999999993	98.46867666195031177
0.00578999999999993	98.46769198048959026
0.00579999999999993	98.46670730887562684
0.00580999999999993	98.46572264710832201
0.00581999999999993	98.46473799518759051
0.00582999999999993	98.46375335311333288
0.00583999999999993	98.46276872088543541
0.00584999999999993	98.46178409850378443
0.00585999999999993	98.46079948596830889
0.00586999999999993	98.45981488327892350
0.00587999999999993	98.45883029043551460
0.00588999999999993	98.45784570743798270
0.00589999999999993	98.45686113428621411
0.00590999999999993	98.45587657098012357
0.00591999999999993	98.45489201751962582
0.00592999999999993	98.45390747390459296
0.00593999999999993	98.45292294013492551
0.00594999999999993	98.45193841621055242
0.00595999999999993	98.45095390213137421
0.00596999999999993	98.44996939789729140
0.00597999999999992	98.44898490879545250
0.00598999999999992	98.44872587095599670
0.00599999999999992	98.47202680860637258
0.00600999999999992	98.49489022530521254
0.00601999999999992	98.49419343732508025
0.00602999999999992	98.49320850283865525
0.00603999999999992	98.49222357606083733
0.00604999999999992	98.49123865913223597
0.00605999999999992	98.49025375205275168
0.00606999999999992	98.48926885482228499
0.00607999999999992	98.48828396744073643
0.00608999999999992	98.48729908990800652
0.00609999999999992	98.48631422222399578
0.00610999999999992	98.48532936438860474
0.00611999999999992	98.48434451640173393
0.00612999999999992	98.48335967826329806
0.00613999999999992	98.48237484997319768
0.00614999999999992	98.48139003153131910
0.00615999999999992	98.48040522293757704
0.00616999999999992	98.47942042419187203
0.00617999999999992	98.47843563529409039
0.00618999999999992	98.47745085624414685
0.00619999999999992	98.47646608704194193
0.00620999999999992	98.47548132768737617
0.00621999999999991	98.47449657818035007
0.00622999999999991	98.47351183852076417
0.00623999999999991	98.47252710870853321
0.00624999999999991	98.47154238874354348
0.00625999999999991	98.47055767862569553
0.00626999999999991	98.46957297835488987
0.00627999999999991	98.46858828793102703
0.00628999999999991	98.46760360735402173
0.00629999999999991	98.46661893662377452
0.00630999999999991	98.46563427574018590
0.00631999999999991	98.46464962470315641
0.00632999999999991	98.46366498351258656
0.00633999999999991	98.46268035216837688
0.00634999999999991	98.46169573067042791
0.00635999999999991	98.46071111901864015
0.00636999999999991	98.45972651721291413
0.00637999999999991	98.45874192525315038
0.00638999999999991	98.45775734313924943
0.00639999999999991	98.45677277087111179
0.00640999999999991	98.45578820844863799
0.00641999999999991	98.45480365587174276
0.00642999999999991	98.45381911314032664
0.00643999999999991	98.45283458025429013
0.00644999999999991	98.45185005721353377
0.00645999999999991	98.45086554401794388
0.00646999999999990	98.44988104066743517
0.00647999999999990	98.44889655245852111
0.00648999999999990	98.44863878019795322
0.00649999999999990	98.47196848262038316
0.00650999999999990	98.49485957580699846
0.00651999999999990	98.49416296482399957
0.00652999999999990	98.49317803064359111
0.00653999999999990	98.49219310417048234
0.00654999999999990	98.49120818754659012
0.00655999999999990	98.49022328077181498
0.00656999999999990	98.48923838384605745
0.00657999999999990	98.48825349676921803
0.00658999999999990	98.48726861954119727
0.00659999999999990	98.48628375216189568
0.00660999999999990	98.48529889463121378
0.00661999999999990	98.48431404694905211
0.00662999999999990	98.48332920911531119
0.00663999999999990	98.48234438112989153
0.00664999999999990	98.48135956299269367
0.00665999999999990	98.48037475470363233
0.00666999999999990	98.47938995626260805
0.00667999999999990	98.47840516766950714
0.00668999999999990	98.47742038892423011
0.00669999999999990	98.47643562002669171
0.00670999999999989	98.47545086097679246
0.00671999999999989	98.47446611177443287
0.00672999999999989	98.47348137241951349
0.00673999999999989	98.47249664291193483
0.00674999999999989	98.47151192325159741
0.00675999999999989	98.47052721343840176
0.00676999999999989	98.46954251347224840
0.00677999999999989	98.46855782335303786
0.00678999999999989	98.46757314308068487
0.00679999999999989	98.46658847265508996
0.00680999999999989	98.46560381207613943
0.00681999999999989	98.46461916134373382
0.00682999999999989	98.46363452045778786
0.00683999999999989	98.46264988941820206
0.00684999999999989	98.46166526822487697
0.00685999999999989	98.46068065687771309
0.00686999999999989	98.45969605537659675
0.00687999999999989	98.45871146372144267
0.00688999999999989	98.45772688191216560
0.00689999999999989	98.45674230994865184
0.00690999999999989	98.45575774783080192
0.00691999999999989	98.45477319555851636
0.00692999999999989	98.45378865313169570
0.00693999999999989	98.45280412055025465
0.00694999999999989	98.45181959781409375
0.00695999999999988	98.45083508492309932
0.00696999999999988	98.44985058187717186
0.00697999999999988	98.44886609397606492
0.00698999999999988	98.44860875849344950
0.00699999999999988	98.47194838203475342
0.00700999999999988	98.49484902064475023
0.00701999999999988	98.49415247064160894
0.00702999999999988	98.49316753656658818
0.00703999999999988	98.49218261019841236
0.00704999999999988	98.49119769367945310
0.00705999999999988	98.49021278700961091
0.00706999999999988	98.48922789018878632
0.00707999999999988	98.48824300321687986
0.00708999999999988	98.48725812609379204
0.00709999999999988	98.48627325881942340
0.00710999999999988	98.48528840139367446
0.00711999999999988	98.48430355381644574
0.00712999999999988	98.48331871608765198
0.00713999999999988	98.48233388820717948
0.00714999999999988	98.48134907017491457
0.00715999999999988	98.48036426199077198
0.00716999999999988	98.47937946365465223
0.00717999999999988	98.47839467516647005
0.00718999999999988	98.47740989652612598
0.00719999999999987	98.47642512773352053
0.00720999999999987	98.47544036878855422
0.00721999999999987	98.47445561969111338
0.00722999999999987	98.47347088044111274
0.00723999999999987	98.47248615103845282
0.00724999999999987	98.47150143148303414
0.00725999999999987	98.47051672177475723
0.00726999999999987	98.46953202191352261
0.00727999999999987	98.46854733189924502
0.00728999999999987	98.46756265173181077
0.00729999999999987	98.46657798141112039
0.00730999999999987	98.46559332093707440
0.00731999999999987	98.46460867030957331
0.00732999999999987	98.46362402952853188
0.00733999999999987	98.46263939859385061
0.00734999999999987	98.46165477750543005
0.00735999999999987	98.46067016626317070
0.00736999999999987	98.45968556486697310
0.00737999999999987	98.45870097331673776
0.00738999999999987	98.45771639161235100
0.00739999999999987	98.45673181975372756
0.00740999999999987	98.45574725774078217
0.00741999999999987	98.45476270557340115
0.00742999999999987	98.45377816325148501
0.00743999999999987	98.45279363077493429
0.00744999999999986	98.45180910814364950
0.00745999999999986	98.45082459535754538
0.00746999999999986	98.44984009241652245
0.00747999999999986	98.44885560462141427
0.00748999999999986	98.44859841961704205
0.00749999999999986	98.47194146043469232
0.00750999999999986	98.49484538687434565
0.00751999999999986	98.49414885786745799
0.00752999999999986	98.49316392382877439
0.00753999999999986	98.49217899749677940
0.00754999999999986	98.49119408101400097
0.00755999999999986	98.49020917438033962
0.00756999999999986	98.48922427759568166
0.00757999999999986	98.48823939065992761
0.00758999999999986	98.48725451357299221
0.00759999999999986	98.48626964633477598
0.00760999999999986	98.48528478894517946
0.00761999999999986	98.48429994140410315
0.00762999999999986	98.48331510371144759
0.00763999999999986	98.48233027586712751
0.00764999999999986	98.48134545787104344
0.00765999999999986	98.48036064972308168
0.00766999999999986	98.47937585142314276
0.00767999999999986	98.47839106297112721
0.00768999999999985	98.47740628436693555
0.00769999999999985	98.47642151561048252
0.00770999999999985	98.47543675670166863
0.00771999999999985	98.47445200764039441
0.00772999999999985	98.47346726842656039
0.00773999999999985	98.47248253906006710
0.00774999999999985	98.47149781954081504
0.00775999999999985	98.47051310986870476
0.00776999999999985	98.46952841004363677
0.00777999999999985	98.46854372006551159
0.00778999999999985	98.46755903993422976
0.00779999999999985	98.46657436964969179
0.00780999999999985	98.46558970921181242
0.00781999999999985	98.46460505862049217
0.00782999999999985	98.46362041787561736
0.00783999999999985	98.46263578697708851
0.00784999999999985	98.46165116592482036
0.00785999999999985	98.46066655471871343
0.00786999999999985	98.45968195335866824
0.00787999999999985	98.45869736184458532
0.00788999999999985	98.45771278017636519
0.00789999999999985	98.45672820835390837
0.00790999999999985	98.45574364637711540
0.00791999999999985	98.45475909424588679
0.00792999999999985	98.45377455196012306
0.00793999999999984	98.45279001951972475
0.00794999999999984	98.45180549692459238
0.00795999999999984	98.45082098417464067
0.00796999999999984	98.44983648126977016
0.00797999999999984	98.44885199351119809
0.00798999999999984	98.44859486031825213
0.00799999999999984	98.47193907765579013
0.00800999999999984	98.49484413604383803
0.00801999999999984	98.49414761426469056
0.00802999999999984	98.49316268023846987
0.00803999999999984	98.49217775391886676
0.00804999999999984	98.49119283744848019
0.00805999999999984	98.49020793082721070
0.00806999999999984	98.48922303405494461
0.00807999999999984	98.48823814713158242
0.00808999999999984	98.48725327005703889
0.00809999999999984	98.48626840283121453
0.00810999999999984	98.48528354545400987
0.00811999999999984	98.48429869792532543
0.00812999999999984	98.48331386024507594
0.00813999999999984	98.48232903241316194
0.00814999999999984	98.48134421442945552
0.00815999999999984	98.48035940629387142
0.00816999999999984	98.47937460800632437
0.00817999999999983	98.47838981956670068
0.00818999999999983	98.47740504097490088
0.00819999999999983	98.47642027223083971
0.00820999999999983	98.47543551333441769
0.00821999999999983	98.47445076428553534
0.00822999999999983	98.47346602508409319
0.00823999999999983	98.47248129572999176
0.00824999999999983	98.47149657622313157
0.00825999999999983	98.47051186656341315
0.00826999999999983	98.46952716675073702
0.00827999999999983	98.46854247678500371
0.00828999999999983	98.46755779666611375
0.00829999999999983	98.46657312639396764
0.00830999999999983	98.46558846596848014
0.00831999999999983	98.46460381538955176
0.00832999999999983	98.46361917465706881
0.00833999999999983	98.46263454377093183
0.00834999999999983	98.46164992273105554
0.00835999999999983	98.46066531153734047
0.00836999999999983	98.45968071018968715
0.00837999999999983	98.45869611868799609
0.00838999999999983	98.45771153703216783
0.00839999999999983	98.45672696522210288
0.00840999999999983	98.45574240325770177
0.00841999999999983	98.45475785113886502
0.00842999999999982	98.45377330886549316
0.00843999999999982	98.45278877643748672
0.00844999999999982	98.45180425385474621
0.00845999999999982	98.45081974111718637
0.00846999999999982	98.44983523822470772
0.00847999999999982	98.44885075047866962
0.00848999999999982	98.44859363512127004
0.00849999999999982	98.47193825745445395
0.00850999999999982	98.49484370549471635
0.00851999999999982	98.49414718620353426
0.00852999999999982	98.49316225218169052
0.00853999999999982	98.49217732586646434
0.00854999999999982	98.49119240940044051
0.00855999999999982	98.49020750278353376
0.00856999999999982	98.48922260601564460
0.00857999999999982	98.48823771909665936
0.00858999999999982	98.48725284202649277
0.00859999999999982	98.48626797480504536
0.00860999999999982	98.48528311743221764
0.00861999999999982	98.48429826990791014
0.00862999999999982	98.48331343223202339
0.00863999999999982	98.48232860440445791
0.00864999999999982	98.48134378642511422
0.00865999999999982	98.48035897829390706
0.00866999999999982	98.47937418001073695
0.00867999999999981	98.47838939157549021
0.00868999999999981	98.47740461298806736
0.00869999999999981	98.47641984424838313
0.00870999999999981	98.47543508535633805
0.00871999999999981	98.47445033631183264
0.00872999999999981	98.47346559711476743
0.00873999999999981	98.47248086776502873
0.00874999999999981	98.47149614826253128
0.00875999999999981	98.47051143860718980
0.00876999999999981	98.46952673879889062
0.00877999999999981	98.46854204883753425
0.00878999999999981	98.46755736872302123
0.00879999999999981	98.46657269845525207
0.00880999999999981	98.46558803803412729
0.00881999999999981	98.46460338745954743
0.00882999999999981	98.46361874673142722
0.00883999999999981	98.46263411584966718
0.00884999999999981	98.46164949481415363
0.00885999999999981	98.46066488362480129
0.00886999999999981	98.45968028228151070
0.00887999999999981	98.45869569078418237
0.00888999999999981	98.45771110913271684
0.00889999999999981	98.45672653732700041
0.00890999999999981	98.45574197536696204
0.00891999999999980	98.45475742325250224
0.00892999999999980	98.45377288098349311
0.00893999999999980	98.45278834855983519
0.00894999999999980	98.45180382598145741
0.00895999999999980	98.45081931324827451
0.00896999999999980	98.44983481036017281
0.00897999999999980	98.44885032261854008
0.00898999999999980	98.44859321340045710
0.00899999999999980	98.47193797513693880
0.00900999999999980	98.49484355729900642
0.00901999999999980	98.49414703886417044
0.00902999999999980	98.49316210484380463
0.00903999999999980	98.49217717853005638
0.00904999999999980	98.49119226206551048
0.00905999999999980	98.49020735545006744
0.00906999999999980	98.48922245868364200
0.00907999999999980	98.48823757176613469
0.00908999999999980	98.48725269469744603
0.00909999999999980	98.48626782747747654
0.00910999999999980	98.48528297010612675
0.00911999999999980	98.48429812258329719
0.00912999999999980	98.48331328490888836
0.00913999999999980	98.48232845708280081
0.00914999999999980	98.48134363910492084
0.00915999999999980	98.48035883097517740
0.00916999999999979	98.47937403269348522
0.00917999999999979	98.47838924425971641
0.00918999999999979	98.47740446567377148
0.00919999999999979	98.47641969693556518
0.00920999999999979	98.47543493804499803
0.00921999999999979	98.47445018900195635
0.00922999999999979	98.47346544980635485
0.00923999999999979	98.47248072045809408
0.00924999999999979	98.47149600095707456
0.00925999999999979	98.47051129130319680
0.00926999999999979	98.46952659149636133
0.00927999999999979	98.46854190153648290
0.00928999999999979	98.46755722142344780
0.00929999999999979	98.46657255115715657
0.00930999999999979	98.46558789073750972
0.00931999999999979	98.46460324016440779
0.00932999999999979	98.46361859943776551
0.00933999999999979	98.46263396855748340
0.00934999999999979	98.46164934752344777
0.00935999999999979	98.46066473633557337
0.00936999999999979	98.45968013499376070
0.00937999999999979	98.45869554349789610
0.00938999999999979	98.45771096184789428
0.00939999999999979	98.45672639004366999
0.00940999999999978	98.45574182808510955
0.00941999999999978	98.45475727597211346
0.00942999999999978	98.45377273370459648
0.00943999999999978	98.45278820128244490
0.00944999999999978	98.45180367870555926
0.00945999999999978	98.45081916597384009
0.00946999999999978	98.44983466308718789
0.00947999999999978	98.44885017534703309
0.00948999999999978	98.44859306824210421
0.00949999999999978	98.47193787796190634
0.00950999999999978	98.49484350628938500
0.00951999999999978	98.49414698814925373
0.00952999999999978	98.49316205412931424
0.00953999999999978	98.49217712781599232
0.00954999999999978	98.49119221135187274
0.00955999999999978	98.49020730473685603
0.00956999999999978	98.48922240797085692
0.00957999999999978	98.48823752105377594
0.00958999999999978	98.48725264398551360
0.00959999999999978	98.48626777676597044
0.00960999999999978	98.48528291939504697
0.00961999999999978	98.48429807187264373
0.00962999999999978	98.48331323419866123
0.00963999999999978	98.48232840637300001
0.00964999999999978	98.48134358839556057
0.00965999999999977	98.48035878026624346
0.00966999999999977	98.47937398198494918
0.00967999999999977	98.47838919355159248
0.00968999999999977	98.47740441496607389
0.00969999999999977	98.47641964622827970
0.00970999999999977	98.47543488733812467
0.00971999999999977	98.47445013829550930
0.00972999999999977	98.47346539910031993
0.00973999999999977	98.47248066975247127
0.00974999999999977	98.47149595025186386
0.00975999999999977	98.47051124059839822
0.00976999999999977	98.46952654079197487
0.00977999999999977	98.46854185083249433
0.00978999999999977	98.46755717071987135
0.00979999999999977	98.46657250045400644
0.00980999999999977	98.46558784003478593
0.00981999999999977	98.46460318946211032
0.00982999999999977	98.46361854873589436
0.00983999999999977	98.46263391785603858
0.00984999999999977	98.46164929682241507
0.00985999999999977	98.46066468563493856
0.00986999999999977	98.45968008429353802
0.00987999999999977	98.45869549279809974
0.00988999999999977	98.45771091114852425
0.00989999999999976	98.45672633934469786
0.00990999999999976	98.45574177738653532
0.00991999999999976	98.45475722527395135
0.00992999999999976	98.45377268300681806
0.00993999999999976	98.45278815058505018
0.00994999999999976	98.45180362800857665
0.00995999999999976	98.45081911527728380
0.00996999999999976	98.44983461239105793
0.00997999999999976	98.44885012465132945
0.00998999999999976	98.44859301827369791
0.00999999999999976	98.47193784451098963
